1	9.53199e-20	0.01	0.983301	3.62168e-18	
2	-nan	0.02	0.983303	3.62168e-18	
3	-nan	0.03	0.983307	3.62168e-18	
4	-nan	0.04	0.983313	3.62168e-18	
5	-nan	0.05	0.98332	3.62168e-18	
6	-nan	0.06	0.983329	3.62168e-18	
7	-nan	0.07	0.98334	3.62168e-18	
8	-nan	0.08	0.983352	3.62168e-18	
9	-nan	0.09	0.983365	3.62168e-18	
10	-nan	0.1	0.983381	3.62168e-18	
11	-nan	0.11	0.983398	3.62168e-18	
12	-nan	0.12	0.983416	3.62168e-18	
13	-nan	0.13	0.983436	3.62168e-18	
14	-nan	0.14	0.983458	3.62168e-18	
15	-nan	0.15	0.983481	3.62168e-18	
16	-nan	0.16	0.983506	3.62168e-18	
17	-nan	0.17	0.983533	3.62168e-18	
18	-nan	0.18	0.983561	3.62168e-18	
19	-nan	0.19	0.983591	3.62168e-18	
20	-nan	0.2	0.983622	3.62168e-18	
21	-nan	0.21	0.983655	3.62168e-18	
22	-nan	0.22	0.983689	3.62168e-18	
23	-nan	0.23	0.983726	3.62168e-18	
24	-nan	0.24	0.983763	3.62168e-18	
25	-nan	0.25	0.983802	3.62168e-18	
26	-nan	0.26	0.983843	3.62168e-18	
27	-nan	0.27	0.983885	3.62168e-18	
28	-nan	0.28	0.983929	3.62168e-18	
29	-nan	0.29	0.983975	3.62168e-18	
30	-nan	0.3	0.984022	3.62168e-18	
31	-nan	0.31	0.98407	3.62168e-18	
32	-nan	0.32	0.984121	3.62168e-18	
33	-nan	0.33	0.984172	3.62168e-18	
34	-nan	0.34	0.984225	3.62168e-18	
35	-nan	0.35	0.98428	3.62168e-18	
36	-nan	0.36	0.984336	3.62168e-18	
37	-nan	0.37	0.984394	3.62168e-18	
38	-nan	0.38	0.984454	3.62168e-18	
39	-nan	0.39	0.984514	3.62168e-18	
40	-nan	0.4	0.984577	3.62168e-18	
41	-nan	0.41	0.98464	3.62168e-18	
42	-nan	0.42	0.984706	3.62168e-18	
43	-nan	0.43	0.984773	3.62168e-18	
44	-nan	0.44	0.984841	3.62168e-18	
45	-nan	0.45	0.984911	3.62168e-18	
46	-nan	0.46	0.984982	3.62168e-18	
47	-nan	0.47	0.985054	3.62168e-18	
48	-nan	0.48	0.985129	3.62168e-18	
49	-nan	0.49	0.985204	3.62168e-18	
50	-nan	0.5	0.985281	3.62168e-18	
51	-nan	0.51	0.98536	3.62168e-18	
52	-nan	0.52	0.98544	3.62168e-18	
53	-nan	0.53	0.985521	3.62168e-18	
54	-nan	0.54	0.985604	3.62168e-18	
55	-nan	0.55	0.985688	3.62168e-18	
56	-nan	0.56	0.985773	3.62168e-18	
57	-nan	0.57	0.98586	3.62168e-18	
58	-nan	0.58	0.985948	3.62168e-18	
59	-nan	0.59	0.986038	3.62168e-18	
60	-nan	0.6	0.986129	3.62168e-18	
61	-nan	0.61	0.986222	3.62168e-18	
62	-nan	0.62	0.986315	3.62168e-18	
63	-nan	0.63	0.98641	3.62168e-18	
64	-nan	0.64	0.986507	3.62168e-18	
65	-nan	0.65	0.986605	3.62168e-18	
66	-nan	0.66	0.986704	3.62168e-18	
67	-nan	0.67	0.986804	3.62168e-18	
68	-nan	0.68	0.986906	3.62168e-18	
69	-nan	0.69	0.987009	3.62168e-18	
70	-nan	0.7	0.987113	3.62168e-18	
71	-nan	0.71	0.987218	3.62168e-18	
72	-nan	0.72	0.987325	3.62168e-18	
73	-nan	0.73	0.987433	3.62168e-18	
74	-nan	0.74	0.987542	3.62168e-18	
75	-nan	0.75	0.987653	3.62168e-18	
76	-nan	0.76	0.987764	3.62168e-18	
77	-nan	0.77	0.987877	3.62168e-18	
78	-nan	0.78	0.987991	3.62168e-18	
79	-nan	0.79	0.988107	3.62168e-18	
80	-nan	0.8	0.988223	3.62168e-18	
81	-nan	0.81	0.988341	3.62168e-18	
82	-nan	0.82	0.988459	3.62168e-18	
83	-nan	0.83	0.988579	3.62168e-18	
84	-nan	0.84	0.9887	3.62168e-18	
85	-nan	0.85	0.988823	3.62168e-18	
86	-nan	0.86	0.988946	3.62168e-18	
87	-nan	0.87	0.98907	3.62168e-18	
88	-nan	0.88	0.989196	3.62168e-18	
89	-nan	0.89	0.989322	3.62168e-18	
90	-nan	0.9	0.98945	3.62168e-18	
91	-nan	0.91	0.989578	3.62168e-18	
92	-nan	0.92	0.989708	3.62168e-18	
93	-nan	0.93	0.989839	3.62168e-18	
94	-nan	0.94	0.98997	3.62168e-18	
95	-nan	0.95	0.990103	3.62168e-18	
96	-nan	0.96	0.990237	3.62168e-18	
97	-nan	0.97	0.990372	3.62168e-18	
98	-nan	0.98	0.990507	3.62168e-18	
99	-nan	0.99	0.990644	3.62168e-18	
100	-nan	1	0.990781	3.62168e-18	
101	-nan	1.01	0.99092	3.62168e-18	
102	-nan	1.02	0.991059	3.62168e-18	
103	-nan	1.03	0.991199	3.62168e-18	
104	-nan	1.04	0.99134	3.62168e-18	
105	-nan	1.05	0.991482	3.62168e-18	
106	-nan	1.06	0.991625	3.62168e-18	
107	-nan	1.07	0.991769	3.62168e-18	
108	-nan	1.08	0.991914	3.62168e-18	
109	-nan	1.09	0.992059	3.62168e-18	
110	-nan	1.1	0.992205	3.62168e-18	
111	-nan	1.11	0.992352	3.62168e-18	
112	-nan	1.12	0.9925	3.62168e-18	
113	-nan	1.13	0.992648	3.62168e-18	
114	-nan	1.14	0.992798	3.62168e-18	
115	-nan	1.15	0.992947	3.62168e-18	
116	-nan	1.16	0.993098	3.62168e-18	
117	-nan	1.17	0.99325	3.62168e-18	
118	-nan	1.18	0.993402	3.62168e-18	
119	-nan	1.19	0.993554	3.62168e-18	
120	-nan	1.2	0.993708	3.62168e-18	
121	-nan	1.21	0.993862	3.62168e-18	
122	-nan	1.22	0.994017	3.62168e-18	
123	-nan	1.23	0.994172	3.62168e-18	
124	-nan	1.24	0.994328	3.62168e-18	
125	-nan	1.25	0.994484	3.62168e-18	
126	-nan	1.26	0.994641	3.62168e-18	
127	-nan	1.27	0.994799	3.62168e-18	
128	-nan	1.28	0.994957	3.62168e-18	
129	-nan	1.29	0.995116	3.62168e-18	
130	-nan	1.3	0.995275	3.62168e-18	
131	-nan	1.31	0.995435	3.62168e-18	
132	-nan	1.32	0.995595	3.62168e-18	
133	-nan	1.33	0.995755	3.62168e-18	
134	-nan	1.34	0.995917	3.62168e-18	
135	-nan	1.35	0.996078	3.62168e-18	
136	-nan	1.36	0.99624	3.62168e-18	
137	-nan	1.37	0.996402	3.62168e-18	
138	-nan	1.38	0.996565	3.62168e-18	
139	-nan	1.39	0.996728	3.62168e-18	
140	-nan	1.4	0.996891	3.62168e-18	
141	-nan	1.41	0.997055	3.62168e-18	
142	-nan	1.42	0.997219	3.62168e-18	
143	-nan	1.43	0.997384	3.62168e-18	
144	-nan	1.44	0.997548	3.62168e-18	
145	-nan	1.45	0.997713	3.62168e-18	
146	-nan	1.46	0.997879	3.62168e-18	
147	-nan	1.47	0.998044	3.62168e-18	
148	-nan	1.48	0.99821	3.62168e-18	
149	-nan	1.49	0.998375	3.62168e-18	
150	-nan	1.5	0.998542	3.62168e-18	
151	-nan	1.51	0.998708	3.62168e-18	
152	-nan	1.52	0.998874	3.62168e-18	
153	-nan	1.53	0.999041	3.62168e-18	
154	-nan	1.54	0.999207	3.62168e-18	
155	-nan	1.55	0.999374	3.62168e-18	
156	-nan	1.56	0.999541	3.62168e-18	
157	-nan	1.57	0.999708	3.62168e-18	
158	-nan	1.58	0.999875	3.62168e-18	
159	-nan	1.59	1.00004	3.62168e-18	
160	-nan	1.6	1.00021	3.62168e-18	
161	-nan	1.61	1.00038	3.62168e-18	
162	-nan	1.62	1.00054	3.62168e-18	
163	-nan	1.63	1.00071	3.62168e-18	
164	-nan	1.64	1.00088	3.62168e-18	
165	-nan	1.65	1.00104	3.62168e-18	
166	-nan	1.66	1.00121	3.62168e-18	
167	-nan	1.67	1.00138	3.62168e-18	
168	-nan	1.68	1.00154	3.62168e-18	
169	-nan	1.69	1.00171	3.62168e-18	
170	-nan	1.7	1.00188	3.62168e-18	
171	-nan	1.71	1.00204	3.62168e-18	
172	-nan	1.72	1.00221	3.62168e-18	
173	-nan	1.73	1.00237	3.62168e-18	
174	-nan	1.74	1.00254	3.62168e-18	
175	-nan	1.75	1.00271	3.62168e-18	
176	-nan	1.76	1.00287	3.62168e-18	
177	-nan	1.77	1.00304	3.62168e-18	
178	-nan	1.78	1.0032	3.62168e-18	
179	-nan	1.79	1.00336	3.62168e-18	
180	-nan	1.8	1.00353	3.62168e-18	
181	-nan	1.81	1.00369	3.62168e-18	
182	-nan	1.82	1.00386	3.62168e-18	
183	-nan	1.83	1.00402	3.62168e-18	
184	-nan	1.84	1.00418	3.62168e-18	
185	-nan	1.85	1.00434	3.62168e-18	
186	-nan	1.86	1.00451	3.62168e-18	
187	-nan	1.87	1.00467	3.62168e-18	
188	-nan	1.88	1.00483	3.62168e-18	
189	-nan	1.89	1.00499	3.62168e-18	
190	-nan	1.9	1.00515	3.62168e-18	
191	-nan	1.91	1.00531	3.62168e-18	
192	-nan	1.92	1.00547	3.62168e-18	
193	-nan	1.93	1.00562	3.62168e-18	
194	-nan	1.94	1.00578	3.62168e-18	
195	-nan	1.95	1.00594	3.62168e-18	
196	-nan	1.96	1.0061	3.62168e-18	
197	-nan	1.97	1.00625	3.62168e-18	
198	-nan	1.98	1.00641	3.62168e-18	
199	-nan	1.99	1.00656	3.62168e-18	
200	-nan	2	1.00672	3.62168e-18	
201	-nan	2.01	1.00687	3.62168e-18	
202	-nan	2.02	1.00702	3.62168e-18	
203	-nan	2.03	1.00718	3.62168e-18	
204	-nan	2.04	1.00733	3.62168e-18	
205	-nan	2.05	1.00748	3.62168e-18	
206	-nan	2.06	1.00763	3.62168e-18	
207	-nan	2.07	1.00778	3.62168e-18	
208	-nan	2.08	1.00793	3.62168e-18	
209	-nan	2.09	1.00807	3.62168e-18	
210	-nan	2.1	1.00822	3.62168e-18	
211	-nan	2.11	1.00837	3.62168e-18	
212	-nan	2.12	1.00851	3.62168e-18	
213	-nan	2.13	1.00866	3.62168e-18	
214	-nan	2.14	1.0088	3.62168e-18	
215	-nan	2.15	1.00894	3.62168e-18	
216	-nan	2.16	1.00909	3.62168e-18	
217	-nan	2.17	1.00923	3.62168e-18	
218	-nan	2.18	1.00937	3.62168e-18	
219	-nan	2.19	1.00951	3.62168e-18	
220	-nan	2.2	1.00964	3.62168e-18	
221	-nan	2.21	1.00978	3.62168e-18	
222	-nan	2.22	1.00992	3.62168e-18	
223	-nan	2.23	1.01005	3.62168e-18	
224	-nan	2.24	1.01019	3.62168e-18	
225	-nan	2.25	1.01032	3.62168e-18	
226	-nan	2.26	1.01045	3.62168e-18	
227	-nan	2.27	1.01058	3.62168e-18	
228	-nan	2.28	1.01071	3.62168e-18	
229	-nan	2.29	1.01084	3.62168e-18	
230	-nan	2.3	1.01097	3.62168e-18	
231	-nan	2.31	1.0111	3.62168e-18	
232	-nan	2.32	1.01122	3.62168e-18	
233	-nan	2.33	1.01135	3.62168e-18	
234	-nan	2.34	1.01147	3.62168e-18	
235	-nan	2.35	1.01159	3.62168e-18	
236	-nan	2.36	1.01171	3.62168e-18	
237	-nan	2.37	1.01183	3.62168e-18	
238	-nan	2.38	1.01195	3.62168e-18	
239	-nan	2.39	1.01207	3.62168e-18	
240	-nan	2.4	1.01219	3.62168e-18	
241	-nan	2.41	1.0123	3.62168e-18	
242	-nan	2.42	1.01241	3.62168e-18	
243	-nan	2.43	1.01253	3.62168e-18	
244	-nan	2.44	1.01264	3.62168e-18	
245	-nan	2.45	1.01275	3.62168e-18	
246	-nan	2.46	1.01286	3.62168e-18	
247	-nan	2.47	1.01296	3.62168e-18	
248	-nan	2.48	1.01307	3.62168e-18	
249	-nan	2.49	1.01317	3.62168e-18	
250	-nan	2.5	1.01328	3.62168e-18	
251	-nan	2.51	1.01338	3.62168e-18	
252	-nan	2.52	1.01348	3.62168e-18	
253	-nan	2.53	1.01358	3.62168e-18	
254	-nan	2.54	1.01368	3.62168e-18	
255	-nan	2.55	1.01377	3.62168e-18	
256	-nan	2.56	1.01387	3.62168e-18	
257	-nan	2.57	1.01396	3.62168e-18	
258	-nan	2.58	1.01405	3.62168e-18	
259	-nan	2.59	1.01415	3.62168e-18	
260	-nan	2.6	1.01423	3.62168e-18	
261	-nan	2.61	1.01432	3.62168e-18	
262	-nan	2.62	1.01441	3.62168e-18	
263	-nan	2.63	1.01449	3.62168e-18	
264	-nan	2.64	1.01458	3.62168e-18	
265	-nan	2.65	1.01466	3.62168e-18	
266	-nan	2.66	1.01474	3.62168e-18	
267	-nan	2.67	1.01482	3.62168e-18	
268	-nan	2.68	1.0149	3.62168e-18	
269	-nan	2.69	1.01497	3.62168e-18	
270	-nan	2.7	1.01505	3.62168e-18	
271	-nan	2.71	1.01512	3.62168e-18	
272	-nan	2.72	1.01519	3.62168e-18	
273	-nan	2.73	1.01526	3.62168e-18	
274	-nan	2.74	1.01533	3.62168e-18	
275	-nan	2.75	1.01539	3.62168e-18	
276	-nan	2.76	1.01546	3.62168e-18	
277	-nan	2.77	1.01552	3.62168e-18	
278	-nan	2.78	1.01558	3.62168e-18	
279	-nan	2.79	1.01564	3.62168e-18	
280	-nan	2.8	1.0157	3.62168e-18	
281	-nan	2.81	1.01576	3.62168e-18	
282	-nan	2.82	1.01582	3.62168e-18	
283	-nan	2.83	1.01587	3.62168e-18	
284	-nan	2.84	1.01592	3.62168e-18	
285	-nan	2.85	1.01597	3.62168e-18	
286	-nan	2.86	1.01602	3.62168e-18	
287	-nan	2.87	1.01607	3.62168e-18	
288	-nan	2.88	1.01611	3.62168e-18	
289	-nan	2.89	1.01616	3.62168e-18	
290	-nan	2.9	1.0162	3.62168e-18	
291	-nan	2.91	1.01624	3.62168e-18	
292	-nan	2.92	1.01628	3.62168e-18	
293	-nan	2.93	1.01632	3.62168e-18	
294	-nan	2.94	1.01635	3.62168e-18	
295	-nan	2.95	1.01638	3.62168e-18	
296	-nan	2.96	1.01642	3.62168e-18	
297	-nan	2.97	1.01645	3.62168e-18	
298	-nan	2.98	1.01648	3.62168e-18	
299	-nan	2.99	1.0165	3.62168e-18	
300	-nan	3	1.01653	3.62168e-18	
301	-nan	3.01	1.01655	3.62168e-18	
302	-nan	3.02	1.01657	3.62168e-18	
303	-nan	3.03	1.01659	3.62168e-18	
304	-nan	3.04	1.01661	3.62168e-18	
305	-nan	3.05	1.01663	3.62168e-18	
306	-nan	3.06	1.01664	3.62168e-18	
307	-nan	3.07	1.01666	3.62168e-18	
308	-nan	3.08	1.01667	3.62168e-18	
309	-nan	3.09	1.01668	3.62168e-18	
310	-nan	3.1	1.01669	3.62168e-18	
311	-nan	3.11	1.01669	3.62168e-18	
312	-nan	3.12	1.0167	3.62168e-18	
313	-nan	3.13	1.0167	3.62168e-18	
314	-nan	3.14	1.0167	3.62168e-18	
315	-nan	3.15	1.0167	3.62168e-18	
316	-nan	3.16	1.0167	3.62168e-18	
317	-nan	3.17	1.01669	3.62168e-18	
318	-nan	3.18	1.01669	3.62168e-18	
319	-nan	3.19	1.01668	3.62168e-18	
320	-nan	3.2	1.01667	3.62168e-18	
321	-nan	3.21	1.01666	3.62168e-18	
322	-nan	3.22	1.01665	3.62168e-18	
323	-nan	3.23	1.01663	3.62168e-18	
324	-nan	3.24	1.01662	3.62168e-18	
325	-nan	3.25	1.0166	3.62168e-18	
326	-nan	3.26	1.01658	3.62168e-18	
327	-nan	3.27	1.01656	3.62168e-18	
328	-nan	3.28	1.01653	3.62168e-18	
329	-nan	3.29	1.01651	3.62168e-18	
330	-nan	3.3	1.01648	3.62168e-18	
331	-nan	3.31	1.01646	3.62168e-18	
332	-nan	3.32	1.01643	3.62168e-18	
333	-nan	3.33	1.01639	3.62168e-18	
334	-nan	3.34	1.01636	3.62168e-18	
335	-nan	3.35	1.01633	3.62168e-18	
336	-nan	3.36	1.01629	3.62168e-18	
337	-nan	3.37	1.01625	3.62168e-18	
338	-nan	3.38	1.01621	3.62168e-18	
339	-nan	3.39	1.01617	3.62168e-18	
340	-nan	3.4	1.01613	3.62168e-18	
341	-nan	3.41	1.01608	3.62168e-18	
342	-nan	3.42	1.01604	3.62168e-18	
343	-nan	3.43	1.01599	3.62168e-18	
344	-nan	3.44	1.01594	3.62168e-18	
345	-nan	3.45	1.01589	3.62168e-18	
346	-nan	3.46	1.01583	3.62168e-18	
347	-nan	3.47	1.01578	3.62168e-18	
348	-nan	3.48	1.01572	3.62168e-18	
349	-nan	3.49	1.01566	3.62168e-18	
350	-nan	3.5	1.0156	3.62168e-18	
351	-nan	3.51	1.01554	3.62168e-18	
352	-nan	3.52	1.01548	3.62168e-18	
353	-nan	3.53	1.01542	3.62168e-18	
354	-nan	3.54	1.01535	3.62168e-18	
355	-nan	3.55	1.01528	3.62168e-18	
356	-nan	3.56	1.01521	3.62168e-18	
357	-nan	3.57	1.01514	3.62168e-18	
358	-nan	3.58	1.01507	3.62168e-18	
359	-nan	3.59	1.015	3.62168e-18	
360	-nan	3.6	1.01492	3.62168e-18	
361	-nan	3.61	1.01484	3.62168e-18	
362	-nan	3.62	1.01477	3.62168e-18	
363	-nan	3.63	1.01469	3.62168e-18	
364	-nan	3.64	1.0146	3.62168e-18	
365	-nan	3.65	1.01452	3.62168e-18	
366	-nan	3.66	1.01444	3.62168e-18	
367	-nan	3.67	1.01435	3.62168e-18	
368	-nan	3.68	1.01426	3.62168e-18	
369	-nan	3.69	1.01417	3.62168e-18	
370	-nan	3.7	1.01408	3.62168e-18	
371	-nan	3.71	1.01399	3.62168e-18	
372	-nan	3.72	1.0139	3.62168e-18	
373	-nan	3.73	1.0138	3.62168e-18	
374	-nan	3.74	1.01371	3.62168e-18	
375	-nan	3.75	1.01361	3.62168e-18	
376	-nan	3.76	1.01351	3.62168e-18	
377	-nan	3.77	1.01341	3.62168e-18	
378	-nan	3.78	1.01331	3.62168e-18	
379	-nan	3.79	1.01321	3.62168e-18	
380	-nan	3.8	1.0131	3.62168e-18	
381	-nan	3.81	1.013	3.62168e-18	
382	-nan	3.82	1.01289	3.62168e-18	
383	-nan	3.83	1.01278	3.62168e-18	
384	-nan	3.84	1.01267	3.62168e-18	
385	-nan	3.85	1.01256	3.62168e-18	
386	-nan	3.86	1.01245	3.62168e-18	
387	-nan	3.87	1.01234	3.62168e-18	
388	-nan	3.88	1.01222	3.62168e-18	
389	-nan	3.89	1.01211	3.62168e-18	
390	-nan	3.9	1.01199	3.62168e-18	
391	-nan	3.91	1.01187	3.62168e-18	
392	-nan	3.92	1.01175	3.62168e-18	
393	-nan	3.93	1.01163	3.62168e-18	
394	-nan	3.94	1.01151	3.62168e-18	
395	-nan	3.95	1.01139	3.62168e-18	
396	-nan	3.96	1.01126	3.62168e-18	
397	-nan	3.97	1.01114	3.62168e-18	
398	-nan	3.98	1.01101	3.62168e-18	
399	-nan	3.99	1.01088	3.62168e-18	
400	-nan	4	1.01075	3.62168e-18	
401	-nan	4.01	1.01062	3.62168e-18	
402	-nan	4.02	1.01049	3.62168e-18	
403	-nan	4.03	1.01036	3.62168e-18	
404	-nan	4.04	1.01023	3.62168e-18	
405	-nan	4.05	1.0101	3.62168e-18	
406	-nan	4.06	1.00996	3.62168e-18	
407	-nan	4.07	1.00982	3.62168e-18	
408	-nan	4.08	1.00969	3.62168e-18	
409	-nan	4.09	1.00955	3.62168e-18	
410	-nan	4.1	1.00941	3.62168e-18	
411	-nan	4.11	1.00927	3.62168e-18	
412	-nan	4.12	1.00913	3.62168e-18	
413	-nan	4.13	1.00899	3.62168e-18	
414	-nan	4.14	1.00885	3.62168e-18	
415	-nan	4.15	1.0087	3.62168e-18	
416	-nan	4.16	1.00856	3.62168e-18	
417	-nan	4.17	1.00841	3.62168e-18	
418	-nan	4.18	1.00827	3.62168e-18	
419	-nan	4.19	1.00812	3.62168e-18	
420	-nan	4.2	1.00797	3.62168e-18	
421	-nan	4.21	1.00783	3.62168e-18	
422	-nan	4.22	1.00768	3.62168e-18	
423	-nan	4.23	1.00753	3.62168e-18	
424	-nan	4.24	1.00738	3.62168e-18	
425	-nan	4.25	1.00722	3.62168e-18	
426	-nan	4.26	1.00707	3.62168e-18	
427	-nan	4.27	1.00692	3.62168e-18	
428	-nan	4.28	1.00677	3.62168e-18	
429	-nan	4.29	1.00661	3.62168e-18	
430	-nan	4.3	1.00646	3.62168e-18	
431	-nan	4.31	1.0063	3.62168e-18	
432	-nan	4.32	1.00615	3.62168e-18	
433	-nan	4.33	1.00599	3.62168e-18	
434	-nan	4.34	1.00583	3.62168e-18	
435	-nan	4.35	1.00568	3.62168e-18	
436	-nan	4.36	1.00552	3.62168e-18	
437	-nan	4.37	1.00536	3.62168e-18	
438	-nan	4.38	1.0052	3.62168e-18	
439	-nan	4.39	1.00504	3.62168e-18	
440	-nan	4.4	1.00488	3.62168e-18	
441	-nan	4.41	1.00472	3.62168e-18	
442	-nan	4.42	1.00456	3.62168e-18	
443	-nan	4.43	1.0044	3.62168e-18	
444	-nan	4.44	1.00423	3.62168e-18	
445	-nan	4.45	1.00407	3.62168e-18	
446	-nan	4.46	1.00391	3.62168e-18	
447	-nan	4.47	1.00374	3.62168e-18	
448	-nan	4.48	1.00358	3.62168e-18	
449	-nan	4.49	1.00342	3.62168e-18	
450	-nan	4.5	1.00325	3.62168e-18	
451	-nan	4.51	1.00309	3.62168e-18	
452	-nan	4.52	1.00292	3.62168e-18	
453	-nan	4.53	1.00276	3.62168e-18	
454	-nan	4.54	1.00259	3.62168e-18	
455	-nan	4.55	1.00243	3.62168e-18	
456	-nan	4.56	1.00226	3.62168e-18	
457	-nan	4.57	1.0021	3.62168e-18	
458	-nan	4.58	1.00193	3.62168e-18	
459	-nan	4.59	1.00176	3.62168e-18	
460	-nan	4.6	1.0016	3.62168e-18	
461	-nan	4.61	1.00143	3.62168e-18	
462	-nan	4.62	1.00126	3.62168e-18	
463	-nan	4.63	1.0011	3.62168e-18	
464	-nan	4.64	1.00093	3.62168e-18	
465	-nan	4.65	1.00076	3.62168e-18	
466	-nan	4.66	1.0006	3.62168e-18	
467	-nan	4.67	1.00043	3.62168e-18	
468	-nan	4.68	1.00026	3.62168e-18	
469	-nan	4.69	1.0001	3.62168e-18	
470	-nan	4.7	0.999928	3.62168e-18	
471	-nan	4.71	0.999761	3.62168e-18	
472	-nan	4.72	0.999594	3.62168e-18	
473	-nan	4.73	0.999427	3.62168e-18	
474	-nan	4.74	0.99926	3.62168e-18	
475	-nan	4.75	0.999094	3.62168e-18	
476	-nan	4.76	0.998927	3.62168e-18	
477	-nan	4.77	0.998761	3.62168e-18	
478	-nan	4.78	0.998594	3.62168e-18	
479	-nan	4.79	0.998428	3.62168e-18	
480	-nan	4.8	0.998262	3.62168e-18	
481	-nan	4.81	0.998097	3.62168e-18	
482	-nan	4.82	0.997931	3.62168e-18	
483	-nan	4.83	0.997766	3.62168e-18	
484	-nan	4.84	0.997601	3.62168e-18	
485	-nan	4.85	0.997436	3.62168e-18	
486	-nan	4.86	0.997272	3.62168e-18	
487	-nan	4.87	0.997107	3.62168e-18	
488	-nan	4.88	0.996944	3.62168e-18	
489	-nan	4.89	0.99678	3.62168e-18	
490	-nan	4.9	0.996617	3.62168e-18	
491	-nan	4.91	0.996454	3.62168e-18	
492	-nan	4.92	0.996292	3.62168e-18	
493	-nan	4.93	0.99613	3.62168e-18	
494	-nan	4.94	0.995968	3.62168e-18	
495	-nan	4.95	0.995807	3.62168e-18	
496	-nan	4.96	0.995646	3.62168e-18	
497	-nan	4.97	0.995486	3.62168e-18	
498	-nan	4.98	0.995326	3.62168e-18	
499	-nan	4.99	0.995166	3.62168e-18	
500	-nan	5	0.995008	3.62168e-18	
501	-nan	5.01	0.994849	3.62168e-18	
502	-nan	5.02	0.994691	3.62168e-18	
503	-nan	5.03	0.994534	3.62168e-18	
504	-nan	5.04	0.994378	3.62168e-18	
505	-nan	5.05	0.994221	3.62168e-18	
506	-nan	5.06	0.994066	3.62168e-18	
507	-nan	5.07	0.993911	3.62168e-18	
508	-nan	5.08	0.993757	3.62168e-18	
509	-nan	5.09	0.993603	3.62168e-18	
510	-nan	5.1	0.99345	3.62168e-18	
511	-nan	5.11	0.993298	3.62168e-18	
512	-nan	5.12	0.993146	3.62168e-18	
513	-nan	5.13	0.992995	3.62168e-18	
514	-nan	5.14	0.992845	3.62168e-18	
515	-nan	5.15	0.992696	3.62168e-18	
516	-nan	5.16	0.992547	3.62168e-18	
517	-nan	5.17	0.992399	3.62168e-18	
518	-nan	5.18	0.992252	3.62168e-18	
519	-nan	5.19	0.992105	3.62168e-18	
520	-nan	5.2	0.99196	3.62168e-18	
521	-nan	5.21	0.991815	3.62168e-18	
522	-nan	5.22	0.991671	3.62168e-18	
523	-nan	5.23	0.991528	3.62168e-18	
524	-nan	5.24	0.991386	3.62168e-18	
525	-nan	5.25	0.991244	3.62168e-18	
526	-nan	5.26	0.991104	3.62168e-18	
527	-nan	5.27	0.990964	3.62168e-18	
528	-nan	5.28	0.990825	3.62168e-18	
529	-nan	5.29	0.990687	3.62168e-18	
530	-nan	5.3	0.990551	3.62168e-18	
531	-nan	5.31	0.990415	3.62168e-18	
532	-nan	5.32	0.99028	3.62168e-18	
533	-nan	5.33	0.990146	3.62168e-18	
534	-nan	5.34	0.990013	3.62168e-18	
535	-nan	5.35	0.989881	3.62168e-18	
536	-nan	5.36	0.98975	3.62168e-18	
537	-nan	5.37	0.98962	3.62168e-18	
538	-nan	5.38	0.989491	3.62168e-18	
539	-nan	5.39	0.989363	3.62168e-18	
540	-nan	5.4	0.989236	3.62168e-18	
541	-nan	5.41	0.98911	3.62168e-18	
542	-nan	5.42	0.988985	3.62168e-18	
543	-nan	5.43	0.988862	3.62168e-18	
544	-nan	5.44	0.988739	3.62168e-18	
545	-nan	5.45	0.988618	3.62168e-18	
546	-nan	5.46	0.988498	3.62168e-18	
547	-nan	5.47	0.988378	3.62168e-18	
548	-nan	5.48	0.98826	3.62168e-18	
549	-nan	5.49	0.988144	3.62168e-18	
550	-nan	5.5	0.988028	3.62168e-18	
551	-nan	5.51	0.987914	3.62168e-18	
552	-nan	5.52	0.9878	3.62168e-18	
553	-nan	5.53	0.987688	3.62168e-18	
554	-nan	5.54	0.987577	3.62168e-18	
555	-nan	5.55	0.987468	3.62168e-18	
556	-nan	5.56	0.987359	3.62168e-18	
557	-nan	5.57	0.987252	3.62168e-18	
558	-nan	5.58	0.987146	3.62168e-18	
559	-nan	5.59	0.987042	3.62168e-18	
560	-nan	5.6	0.986938	3.62168e-18	
561	-nan	5.61	0.986836	3.62168e-18	
562	-nan	5.62	0.986735	3.62168e-18	
563	-nan	5.63	0.986636	3.62168e-18	
564	-nan	5.64	0.986538	3.62168e-18	
565	-nan	5.65	0.986441	3.62168e-18	
566	-nan	5.66	0.986345	3.62168e-18	
567	-nan	5.67	0.986251	3.62168e-18	
568	-nan	5.68	0.986158	3.62168e-18	
569	-nan	5.69	0.986067	3.62168e-18	
570	-nan	5.7	0.985977	3.62168e-18	
571	-nan	5.71	0.985888	3.62168e-18	
572	-nan	5.72	0.985801	3.62168e-18	
573	-nan	5.73	0.985715	3.62168e-18	
574	-nan	5.74	0.98563	3.62168e-18	
575	-nan	5.75	0.985547	3.62168e-18	
576	-nan	5.76	0.985465	3.62168e-18	
577	-nan	5.77	0.985385	3.62168e-18	
578	-nan	5.78	0.985306	3.62168e-18	
579	-nan	5.79	0.985229	3.62168e-18	
580	-nan	5.8	0.985153	3.62168e-18	
581	-nan	5.81	0.985078	3.62168e-18	
582	-nan	5.82	0.985005	3.62168e-18	
583	-nan	5.83	0.984933	3.62168e-18	
584	-nan	5.84	0.984863	3.62168e-18	
585	-nan	5.85	0.984794	3.62168e-18	
586	-nan	5.86	0.984727	3.62168e-18	
587	-nan	5.87	0.984661	3.62168e-18	
588	-nan	5.88	0.984597	3.62168e-18	
589	-nan	5.89	0.984534	3.62168e-18	
590	-nan	5.9	0.984473	3.62168e-18	
591	-nan	5.91	0.984413	3.62168e-18	
592	-nan	5.92	0.984355	3.62168e-18	
593	-nan	5.93	0.984298	3.62168e-18	
594	-nan	5.94	0.984243	3.62168e-18	
595	-nan	5.95	0.984189	3.62168e-18	
596	-nan	5.96	0.984137	3.62168e-18	
597	-nan	5.97	0.984086	3.62168e-18	
598	-nan	5.98	0.984037	3.62168e-18	
599	-nan	5.99	0.98399	3.62168e-18	
600	-nan	6	0.983944	3.62168e-18	
601	-nan	6.01	0.983899	3.62168e-18	
602	-nan	6.02	0.983856	3.62168e-18	
603	-nan	6.03	0.983815	3.62168e-18	
604	-nan	6.04	0.983775	3.62168e-18	
605	-nan	6.05	0.983737	3.62168e-18	
606	-nan	6.06	0.983701	3.62168e-18	
607	-nan	6.07	0.983666	3.62168e-18	
608	-nan	6.08	0.983632	3.62168e-18	
609	-nan	6.09	0.983601	3.62168e-18	
610	-nan	6.1	0.98357	3.62168e-18	
611	-nan	6.11	0.983542	3.62168e-18	
612	-nan	6.12	0.983515	3.62168e-18	
613	-nan	6.13	0.983489	3.62168e-18	
614	-nan	6.14	0.983465	3.62168e-18	
615	-nan	6.15	0.983443	3.62168e-18	
616	-nan	6.16	0.983422	3.62168e-18	
617	-nan	6.17	0.983403	3.62168e-18	
618	-nan	6.18	0.983386	3.62168e-18	
619	-nan	6.19	0.98337	3.62168e-18	
620	-nan	6.2	0.983356	3.62168e-18	
621	-nan	6.21	0.983343	3.62168e-18	
622	-nan	6.22	0.983332	3.62168e-18	
623	-nan	6.23	0.983323	3.62168e-18	
624	-nan	6.24	0.983315	3.62168e-18	
625	-nan	6.25	0.983309	3.62168e-18	
626	-nan	6.26	0.983304	3.62168e-18	
627	-nan	6.27	0.983301	3.62168e-18	
628	-nan	6.28	0.9833	3.62168e-18	
629	-nan	6.29	0.9833	3.62168e-18	
630	-nan	6.3	0.983302	3.62168e-18	
631	-nan	6.31	0.983306	3.62168e-18	
632	-nan	6.32	0.983311	3.62168e-18	
633	-nan	6.33	0.983318	3.62168e-18	
634	-nan	6.34	0.983326	3.62168e-18	
635	-nan	6.35	0.983336	3.62168e-18	
636	-nan	6.36	0.983348	3.62168e-18	
637	-nan	6.37	0.983361	3.62168e-18	
638	-nan	6.38	0.983376	3.62168e-18	
639	-nan	6.39	0.983392	3.62168e-18	
640	-nan	6.4	0.98341	3.62168e-18	
641	-nan	6.41	0.98343	3.62168e-18	
642	-nan	6.42	0.983451	3.62168e-18	
643	-nan	6.43	0.983474	3.62168e-18	
644	-nan	6.44	0.983498	3.62168e-18	
645	-nan	6.45	0.983524	3.62168e-18	
646	-nan	6.46	0.983552	3.62168e-18	
647	-nan	6.47	0.983581	3.62168e-18	
648	-nan	6.48	0.983612	3.62168e-18	
649	-nan	6.49	0.983644	3.62168e-18	
650	-nan	6.5	0.983678	3.62168e-18	
651	-nan	6.51	0.983714	3.62168e-18	
652	-nan	6.52	0.983751	3.62168e-18	
653	-nan	6.53	0.98379	3.62168e-18	
654	-nan	6.54	0.98383	3.62168e-18	
655	-nan	6.55	0.983872	3.62168e-18	
656	-nan	6.56	0.983915	3.62168e-18	
657	-nan	6.57	0.98396	3.62168e-18	
658	-nan	6.58	0.984007	3.62168e-18	
659	-nan	6.59	0.984055	3.62168e-18	
660	-nan	6.6	0.984104	3.62168e-18	
661	-nan	6.61	0.984156	3.62168e-18	
662	-nan	6.62	0.984208	3.62168e-18	
663	-nan	6.63	0.984263	3.62168e-18	
664	-nan	6.64	0.984318	3.62168e-18	
665	-nan	6.65	0.984376	3.62168e-18	
666	-nan	6.66	0.984434	3.62168e-18	
667	-nan	6.67	0.984495	3.62168e-18	
668	-nan	6.68	0.984557	3.62168e-18	
669	-nan	6.69	0.98462	3.62168e-18	
670	-nan	6.7	0.984685	3.62168e-18	
671	-nan	6.71	0.984751	3.62168e-18	
672	-nan	6.72	0.984819	3.62168e-18	
673	-nan	6.73	0.984888	3.62168e-18	
674	-nan	6.74	0.984959	3.62168e-18	
675	-nan	6.75	0.985031	3.62168e-18	
676	-nan	6.76	0.985105	3.62168e-18	
677	-nan	6.77	0.98518	3.62168e-18	
678	-nan	6.78	0.985257	3.62168e-18	
679	-nan	6.79	0.985335	3.62168e-18	
680	-nan	6.8	0.985414	3.62168e-18	
681	-nan	6.81	0.985495	3.62168e-18	
682	-nan	6.82	0.985577	3.62168e-18	
683	-nan	6.83	0.985661	3.62168e-18	
684	-nan	6.84	0.985746	3.62168e-18	
685	-nan	6.85	0.985832	3.62168e-18	
686	-nan	6.86	0.98592	3.62168e-18	
687	-nan	6.87	0.986009	3.62168e-18	
688	-nan	6.88	0.9861	3.62168e-18	
689	-nan	6.89	0.986192	3.62168e-18	
690	-nan	6.9	0.986285	3.62168e-18	
691	-nan	6.91	0.98638	3.62168e-18	
692	-nan	6.92	0.986476	3.62168e-18	
693	-nan	6.93	0.986573	3.62168e-18	
694	-nan	6.94	0.986672	3.62168e-18	
695	-nan	6.95	0.986772	3.62168e-18	
696	-nan	6.96	0.986873	3.62168e-18	
697	-nan	6.97	0.986976	3.62168e-18	
698	-nan	6.98	0.98708	3.62168e-18	
699	-nan	6.99	0.987185	3.62168e-18	
700	-nan	7	0.987291	3.62168e-18	
701	-nan	7.01	0.987399	3.62168e-18	
702	-nan	7.02	0.987507	3.62168e-18	
703	-nan	7.03	0.987617	3.62168e-18	
704	-nan	7.04	0.987729	3.62168e-18	
705	-nan	7.05	0.987841	3.62168e-18	
706	-nan	7.06	0.987955	3.62168e-18	
707	-nan	7.07	0.98807	3.62168e-18	
708	-nan	7.08	0.988186	3.62168e-18	
709	-nan	7.09	0.988303	3.62168e-18	
710	-nan	7.1	0.988422	3.62168e-18	
711	-nan	7.11	0.988541	3.62168e-18	
712	-nan	7.12	0.988662	3.62168e-18	
713	-nan	7.13	0.988784	3.62168e-18	
714	-nan	7.14	0.988906	3.62168e-18	
715	-nan	7.15	0.98903	3.62168e-18	
716	-nan	7.16	0.989156	3.62168e-18	
717	-nan	7.17	0.989282	3.62168e-18	
718	-nan	7.18	0.989409	3.62168e-18	
719	-nan	7.19	0.989537	3.62168e-18	
720	-nan	7.2	0.989667	3.62168e-18	
721	-nan	7.21	0.989797	3.62168e-18	
722	-nan	7.22	0.989928	3.62168e-18	
723	-nan	7.23	0.990061	3.62168e-18	
724	-nan	7.24	0.990194	3.62168e-18	
725	-nan	7.25	0.990329	3.62168e-18	
726	-nan	7.26	0.990464	3.62168e-18	
727	-nan	7.27	0.9906	3.62168e-18	
728	-nan	7.28	0.990737	3.62168e-18	
729	-nan	7.29	0.990875	3.62168e-18	
730	-nan	7.3	0.991015	3.62168e-18	
731	-nan	7.31	0.991155	3.62168e-18	
732	-nan	7.32	0.991295	3.62168e-18	
733	-nan	7.33	0.991437	3.62168e-18	
734	-nan	7.34	0.99158	3.62168e-18	
735	-nan	7.35	0.991723	3.62168e-18	
736	-nan	7.36	0.991867	3.62168e-18	
737	-nan	7.37	0.992013	3.62168e-18	
738	-nan	7.38	0.992158	3.62168e-18	
739	-nan	7.39	0.992305	3.62168e-18	
740	-nan	7.4	0.992453	3.62168e-18	
741	-nan	7.41	0.992601	3.62168e-18	
742	-nan	7.42	0.99275	3.62168e-18	
743	-nan	7.43	0.9929	3.62168e-18	
744	-nan	7.44	0.99305	3.62168e-18	
745	-nan	7.45	0.993201	3.62168e-18	
746	-nan	7.46	0.993353	3.62168e-18	
747	-nan	7.47	0.993506	3.62168e-18	
748	-nan	7.48	0.993659	3.62168e-18	
749	-nan	7.49	0.993813	3.62168e-18	
750	-nan	7.5	0.993967	3.62168e-18	
751	-nan	7.51	0.994122	3.62168e-18	
752	-nan	7.52	0.994278	3.62168e-18	
753	-nan	7.53	0.994434	3.62168e-18	
754	-nan	7.54	0.994591	3.62168e-18	
755	-nan	7.55	0.994749	3.62168e-18	
756	-nan	7.56	0.994907	3.62168e-18	
757	-nan	7.57	0.995065	3.62168e-18	
758	-nan	7.58	0.995224	3.62168e-18	
759	-nan	7.59	0.995384	3.62168e-18	
760	-nan	7.6	0.995544	3.62168e-18	
761	-nan	7.61	0.995704	3.62168e-18	
762	-nan	7.62	0.995865	3.62168e-18	
763	-nan	7.63	0.996027	3.62168e-18	
764	-nan	7.64	0.996188	3.62168e-18	
765	-nan	7.65	0.996351	3.62168e-18	
766	-nan	7.66	0.996513	3.62168e-18	
767	-nan	7.67	0.996676	3.62168e-18	
768	-nan	7.68	0.996839	3.62168e-18	
769	-nan	7.69	0.997003	3.62168e-18	
770	-nan	7.7	0.997167	3.62168e-18	
771	-nan	7.71	0.997331	3.62168e-18	
772	-nan	7.72	0.997496	3.62168e-18	
773	-nan	7.73	0.997661	3.62168e-18	
774	-nan	7.74	0.997826	3.62168e-18	
775	-nan	7.75	0.997991	3.62168e-18	
776	-nan	7.76	0.998157	3.62168e-18	
777	-nan	7.77	0.998323	3.62168e-18	
778	-nan	7.78	0.998489	3.62168e-18	
779	-nan	7.79	0.998655	3.62168e-18	
780	-nan	7.8	0.998821	3.62168e-18	
781	-nan	7.81	0.998988	3.62168e-18	
782	-nan	7.82	0.999154	3.62168e-18	
783	-nan	7.83	0.999321	3.62168e-18	
784	-nan	7.84	0.999488	3.62168e-18	
785	-nan	7.85	0.999655	3.62168e-18	
786	-nan	7.86	0.999822	3.62168e-18	
787	-nan	7.87	0.999989	3.62168e-18	
788	-nan	7.88	1.00016	3.62168e-18	
789	-nan	7.89	1.00032	3.62168e-18	
790	-nan	7.9	1.00049	3.62168e-18	
791	-nan	7.91	1.00066	3.62168e-18	
792	-nan	7.92	1.00082	3.62168e-18	
793	-nan	7.93	1.00099	3.62168e-18	
794	-nan	7.94	1.00116	3.62168e-18	
795	-nan	7.95	1.00132	3.62168e-18	
796	-nan	7.96	1.00149	3.62168e-18	
797	-nan	7.97	1.00166	3.62168e-18	
798	-nan	7.98	1.00182	3.62168e-18	
799	-nan	7.99	1.00199	3.62168e-18	
800	-nan	8	1.00216	3.62168e-18	
801	-nan	8.01	1.00232	3.62168e-18	
802	-nan	8.02	1.00249	3.62168e-18	
803	-nan	8.03	1.00265	3.62168e-18	
804	-nan	8.04	1.00282	3.62168e-18	
805	-nan	8.05	1.00298	3.62168e-18	
806	-nan	8.06	1.00315	3.62168e-18	
807	-nan	8.07	1.00331	3.62168e-18	
808	-nan	8.08	1.00348	3.62168e-18	
809	-nan	8.09	1.00364	3.62168e-18	
810	-nan	8.1	1.0038	3.62168e-18	
811	-nan	8.11	1.00397	3.62168e-18	
812	-nan	8.12	1.00413	3.62168e-18	
813	-nan	8.13	1.00429	3.62168e-18	
814	-nan	8.14	1.00445	3.62168e-18	
815	-nan	8.15	1.00462	3.62168e-18	
816	-nan	8.16	1.00478	3.62168e-18	
817	-nan	8.17	1.00494	3.62168e-18	
818	-nan	8.18	1.0051	3.62168e-18	
819	-nan	8.19	1.00526	3.62168e-18	
820	-nan	8.2	1.00542	3.62168e-18	
821	-nan	8.21	1.00557	3.62168e-18	
822	-nan	8.22	1.00573	3.62168e-18	
823	-nan	8.23	1.00589	3.62168e-18	
824	-nan	8.24	1.00605	3.62168e-18	
825	-nan	8.25	1.0062	3.62168e-18	
826	-nan	8.26	1.00636	3.62168e-18	
827	-nan	8.27	1.00651	3.62168e-18	
828	-nan	8.28	1.00667	3.62168e-18	
829	-nan	8.29	1.00682	3.62168e-18	
830	-nan	8.3	1.00698	3.62168e-18	
831	-nan	8.31	1.00713	3.62168e-18	
832	-nan	8.32	1.00728	3.62168e-18	
833	-nan	8.33	1.00743	3.62168e-18	
834	-nan	8.34	1.00758	3.62168e-18	
835	-nan	8.35	1.00773	3.62168e-18	
836	-nan	8.36	1.00788	3.62168e-18	
837	-nan	8.37	1.00803	3.62168e-18	
838	-nan	8.38	1.00817	3.62168e-18	
839	-nan	8.39	1.00832	3.62168e-18	
840	-nan	8.4	1.00847	3.62168e-18	
841	-nan	8.41	1.00861	3.62168e-18	
842	-nan	8.42	1.00876	3.62168e-18	
843	-nan	8.43	1.0089	3.62168e-18	
844	-nan	8.44	1.00904	3.62168e-18	
845	-nan	8.45	1.00918	3.62168e-18	
846	-nan	8.46	1.00932	3.62168e-18	
847	-nan	8.47	1.00946	3.62168e-18	
848	-nan	8.48	1.0096	3.62168e-18	
849	-nan	8.49	1.00974	3.62168e-18	
850	-nan	8.5	1.00987	3.62168e-18	
851	-nan	8.51	1.01001	3.62168e-18	
852	-nan	8.52	1.01014	3.62168e-18	
853	-nan	8.53	1.01028	3.62168e-18	
854	-nan	8.54	1.01041	3.62168e-18	
855	-nan	8.55	1.01054	3.62168e-18	
856	-nan	8.56	1.01067	3.62168e-18	
857	-nan	8.57	1.0108	3.62168e-18	
858	-nan	8.58	1.01093	3.62168e-18	
859	-nan	8.59	1.01106	3.62168e-18	
860	-nan	8.6	1.01118	3.62168e-18	
861	-nan	8.61	1.01131	3.62168e-18	
862	-nan	8.62	1.01143	3.62168e-18	
863	-nan	8.63	1.01155	3.62168e-18	
864	-nan	8.64	1.01168	3.62168e-18	
865	-nan	8.65	1.0118	3.62168e-18	
866	-nan	8.66	1.01191	3.62168e-18	
867	-nan	8.67	1.01203	3.62168e-18	
868	-nan	8.68	1.01215	3.62168e-18	
869	-nan	8.69	1.01226	3.62168e-18	
870	-nan	8.7	1.01238	3.62168e-18	
871	-nan	8.71	1.01249	3.62168e-18	
872	-nan	8.72	1.0126	3.62168e-18	
873	-nan	8.73	1.01271	3.62168e-18	
874	-nan	8.74	1.01282	3.62168e-18	
875	-nan	8.75	1.01293	3.62168e-18	
876	-nan	8.76	1.01304	3.62168e-18	
877	-nan	8.77	1.01314	3.62168e-18	
878	-nan	8.78	1.01325	3.62168e-18	
879	-nan	8.79	1.01335	3.62168e-18	
880	-nan	8.8	1.01345	3.62168e-18	
881	-nan	8.81	1.01355	3.62168e-18	
882	-nan	8.82	1.01365	3.62168e-18	
883	-nan	8.83	1.01374	3.62168e-18	
884	-nan	8.84	1.01384	3.62168e-18	
885	-nan	8.85	1.01393	3.62168e-18	
886	-nan	8.86	1.01403	3.62168e-18	
887	-nan	8.87	1.01412	3.62168e-18	
888	-nan	8.88	1.01421	3.62168e-18	
889	-nan	8.89	1.01429	3.62168e-18	
890	-nan	8.9	1.01438	3.62168e-18	
891	-nan	8.91	1.01447	3.62168e-18	
892	-nan	8.92	1.01455	3.62168e-18	
893	-nan	8.93	1.01463	3.62168e-18	
894	-nan	8.94	1.01471	3.62168e-18	
895	-nan	8.95	1.01479	3.62168e-18	
896	-nan	8.96	1.01487	3.62168e-18	
897	-nan	8.97	1.01495	3.62168e-18	
898	-nan	8.98	1.01502	3.62168e-18	
899	-nan	8.99	1.0151	3.62168e-18	
900	-nan	9	1.01517	3.62168e-18	
901	-nan	9.01	1.01524	3.62168e-18	
902	-nan	9.02	1.01531	3.62168e-18	
903	-nan	9.03	1.01537	3.62168e-18	
904	-nan	9.04	1.01544	3.62168e-18	
905	-nan	9.05	1.0155	3.62168e-18	
906	-nan	9.06	1.01557	3.62168e-18	
907	-nan	9.07	1.01563	3.62168e-18	
908	-nan	9.08	1.01568	3.62168e-18	
909	-nan	9.09	1.01574	3.62168e-18	
910	-nan	9.1	1.0158	3.62168e-18	
911	-nan	9.11	1.01585	3.62168e-18	
912	-nan	9.12	1.0159	3.62168e-18	
913	-nan	9.13	1.01596	3.62168e-18	
914	-nan	9.14	1.01601	3.62168e-18	
915	-nan	9.15	1.01605	3.62168e-18	
916	-nan	9.16	1.0161	3.62168e-18	
917	-nan	9.17	1.01614	3.62168e-18	
918	-nan	9.18	1.01619	3.62168e-18	
919	-nan	9.19	1.01623	3.62168e-18	
920	-nan	9.2	1.01627	3.62168e-18	
921	-nan	9.21	1.0163	3.62168e-18	
922	-nan	9.22	1.01634	3.62168e-18	
923	-nan	9.23	1.01637	3.62168e-18	
924	-nan	9.24	1.01641	3.62168e-18	
925	-nan	9.25	1.01644	3.62168e-18	
926	-nan	9.26	1.01647	3.62168e-18	
927	-nan	9.27	1.01649	3.62168e-18	
928	-nan	9.28	1.01652	3.62168e-18	
929	-nan	9.29	1.01654	3.62168e-18	
930	-nan	9.3	1.01657	3.62168e-18	
931	-nan	9.31	1.01659	3.62168e-18	
932	-nan	9.32	1.01661	3.62168e-18	
933	-nan	9.33	1.01662	3.62168e-18	
934	-nan	9.34	1.01664	3.62168e-18	
935	-nan	9.35	1.01665	3.62168e-18	
936	-nan	9.36	1.01666	3.62168e-18	
937	-nan	9.37	1.01667	3.62168e-18	
938	-nan	9.38	1.01668	3.62168e-18	
939	-nan	9.39	1.01669	3.62168e-18	
940	-nan	9.4	1.01669	3.62168e-18	
941	-nan	9.41	1.0167	3.62168e-18	
942	-nan	9.42	1.0167	3.62168e-18	
943	-nan	9.43	1.0167	3.62168e-18	
944	-nan	9.44	1.0167	3.62168e-18	
945	-nan	9.45	1.01669	3.62168e-18	
946	-nan	9.46	1.01669	3.62168e-18	
947	-nan	9.47	1.01668	3.62168e-18	
948	-nan	9.48	1.01667	3.62168e-18	
949	-nan	9.49	1.01666	3.62168e-18	
950	-nan	9.5	1.01665	3.62168e-18	
951	-nan	9.51	1.01664	3.62168e-18	
952	-nan	9.52	1.01662	3.62168e-18	
953	-nan	9.53	1.0166	3.62168e-18	
954	-nan	9.54	1.01659	3.62168e-18	
955	-nan	9.55	1.01656	3.62168e-18	
956	-nan	9.56	1.01654	3.62168e-18	
957	-nan	9.57	1.01652	3.62168e-18	
958	-nan	9.58	1.01649	3.62168e-18	
959	-nan	9.59	1.01646	3.62168e-18	
960	-nan	9.6	1.01644	3.62168e-18	
961	-nan	9.61	1.0164	3.62168e-18	
962	-nan	9.62	1.01637	3.62168e-18	
963	-nan	9.63	1.01634	3.62168e-18	
964	-nan	9.64	1.0163	3.62168e-18	
965	-nan	9.65	1.01626	3.62168e-18	
966	-nan	9.66	1.01622	3.62168e-18	
967	-nan	9.67	1.01618	3.62168e-18	
968	-nan	9.68	1.01614	3.62168e-18	
969	-nan	9.69	1.0161	3.62168e-18	
970	-nan	9.7	1.01605	3.62168e-18	
971	-nan	9.71	1.016	3.62168e-18	
972	-nan	9.72	1.01595	3.62168e-18	
973	-nan	9.73	1.0159	3.62168e-18	
974	-nan	9.74	1.01585	3.62168e-18	
975	-nan	9.75	1.0158	3.62168e-18	
976	-nan	9.76	1.01574	3.62168e-18	
977	-nan	9.77	1.01568	3.62168e-18	
978	-nan	9.78	1.01562	3.62168e-18	
979	-nan	9.79	1.01556	3.62168e-18	
980	-nan	9.8	1.0155	3.62168e-18	
981	-nan	9.81	1.01544	3.62168e-18	
982	-nan	9.82	1.01537	3.62168e-18	
983	-nan	9.83	1.0153	3.62168e-18	
984	-nan	9.84	1.01523	3.62168e-18	
985	-nan	9.85	1.01516	3.62168e-18	
986	-nan	9.86	1.01509	3.62168e-18	
987	-nan	9.87	1.01502	3.62168e-18	
988	-nan	9.88	1.01494	3.62168e-18	
989	-nan	9.89	1.01487	3.62168e-18	
990	-nan	9.9	1.01479	3.62168e-18	
991	-nan	9.91	1.01471	3.62168e-18	
992	-nan	9.92	1.01463	3.62168e-18	
993	-nan	9.93	1.01455	3.62168e-18	
994	-nan	9.94	1.01446	3.62168e-18	
995	-nan	9.95	1.01438	3.62168e-18	
996	-nan	9.96	1.01429	3.62168e-18	
997	-nan	9.97	1.0142	3.62168e-18	
998	-nan	9.98	1.01411	3.62168e-18	
999	-nan	9.99	1.01402	3.62168e-18	
